22

Left_Outer_Upper_Mouth
-1.5700  -2.2210  7.8200
-3.8050   0.8680  6.6000
 0.1      4.8    45.0    1.0
0       1       0       0

Right_Outer_Upper_Mouth
1.5700  -2.2210  7.8200
3.8050   0.8680  6.6000
0.1      4.8    45.0     1.0
0       1       0       0

Left_Inner_Upper_Mouth
-0.5700  -2.2210  8.80000
-0.8050  -0.5680  8.70000
 0.4      3.2    45.0    1.0
0       1       0       0

Right_Inner_Upper_Mouth
0.5700  -2.2210  8.80000
0.8050  -0.5680  8.70000
 0.4      3.2    45.0    1.0
0       1       0       0

Left_Outer_Lower_Mouth
-1.5700  -2.2210  8.0250
-2.5590  -4.2770  5.3510
 0.3      4.5    65.0    1.0
1       0       0       0

Right_Outer_Lower_Mouth
1.5700  -2.5210  8.0250
2.5590  -4.2770  5.3510
0.3      4.5    65.0     1.0
1       0       0       0

Left_Inner_Lower_Mouth
-0.6700  -2.5210  8.90000
-0.8050  -4.2770  8.45000
 0.3      2.5    65.0    1.0
1       0       0       0

Right_Inner_Lower_Mouth
0.6700  -2.2210  8.90000
0.8050  -4.2770  8.45000
0.3      2.5    65.0     1.0
1       0       0       0

Left_Inner_Upper_Eye
-0.4870  3.6390  8.1010
-0.3540  6.2470  7.2290
 0.1     3.6    35.0     4.0
0       0       0       1

Right_Inner_Upper_Eye
0.4870  3.6390  8.1010
0.3540  6.2470  7.2290
0.1     3.6     35.0     4.0
0       0       0       1

Left_Middle_Upper_Eye
-2.3810  3.8300  8.0000
-2.2440  6.3630  6.9690
0.1      3.7    65.0     0.5
0       0       0       1

Right_Middle_Upper_Eye
2.3810  3.8300  8.0000
2.2440  6.3630  6.9690
0.1     3.7     65.0      0.5
0       0       0       1

Left_Outer_Upper_Eye
-3.0950  3.9700  7.8950
-3.6390  5.6480  5.9450
0.1      3.5    45.0     2.5
0       0       0       1

Right_Outer_Upper_Eye
3.0950  3.9700  7.8950
3.6390  5.6480  5.9450
0.1     3.5    45.0      2.5
0       0       0       1

Left_Outer_Nose
-1.7760  -0.8340  8.2390
-1.5600  1.8870   7.3320
 0.1     5.2     35.0    3.0
 0       1       0       0

Right_Outer_Nose
1.7760  -0.8340  8.2390
1.5600   1.8870  7.3320
0.1      5.2    35.0     3.0
0       1       0       0

Left_Inner_Nose
-1.0020  0.2170  8.4620
-0.6380  2.0840  7.6610
0.1      4.5    35.0     1.0
0       1       0       0

Right_Inner_Nose
1.0020  0.2170  8.4620
0.6380  2.0840  7.6610
0.1     4.5     35.0     1.0
0       1       0       0

Left_Upper_Inner_Nose
-1.1700  4.6580  7.3560
 0.0000  3.2620  8.2080
 0.5     3.0    45.0     3.0
 0       0       0       1

Right_Upper_Inner_Nose
1.1700  4.6580  7.3560
0.0000  3.2620  8.2080
0.5     3.0    45.0      3.0
0       0       0       1

Left_Upper_Outer_Nose
-0.5840  3.0520  8.0550
-0.9910  4.8620  8.0930
0.1     4.8     45.0    1.0
0       0       0       0

Right_Upper_Outer_Nose
0.5840  3.0520  8.0550
0.9910  4.8620  8.0930
0.1     4.8     45.0    1.0
0       0       0       0
